9
11
11
9
9
13
15
5
11
5
9
10
11
21
5
0
3
1
2
1
4
4
2
1
1
1
6
2
1
5
3
2
3
2
5
2
4
3
3
4
3
5
3
4
3
5
5
4
6
6
2
1
3
1
3
3
5
2
6
1
1
2
6
4
6
3
6
4
3
6
6
4
1
1
5
5
3
5
1
5
3
6
6
4
2
4
5
2
4
6
1
3
3
4
1
4
3
6
4
3
6
4
6
1
2
5
1
2
4
6
6
6
3
5
1
5
5
3
3
2
4
4
3
4
4
5
3
1
5
6
5
6
6
6
3
1
1
2
2
5
1
2
1
6
6
4
5
5
1
3
1
3
3
3
3
1
3
3
3
3
3
6
1
4
4
4
1
3
5
1
5
3
4
6
5
6
4
6
2
4
5
4
6
1
6
4
4
5
2
2
1
3
5
2
5
2
1
6
5
2
4
4
5
3
4
2
2
1
1
3
2
2
5
4
6
1
1
4
3
2
5
4
1
6
4
5
2
5
6
5
4
3
5
3
3
1
3
1
2
1
6
1
4
4
2
3
2
1
2
3
5
6
6
2
4
3
6
4
1
1
2
1
1
2
1
4
2
2
4
2
4
1
3
3
1
1
4
2
2
6
2
5
4
6
4
5
7
1
2
1
1
6
4
1
2
7
1
4
5
6
4
7
4
2
2
2
4
7
5
8
2
6
8
7
3
3
3
10
1
7
1
4
6
8
7
8
1
5
1
11
4
5
3
11
15
9
12
11
1
15
15
16
18
12
12
10
9
2
3
3
12
11
3
1
13
7
1
10
8
12
7
3
5
4
3
1
6
2
7
2
2
4
6
1
4
1
1
3
4
1
3
3
3
4
3
4
1
2
1
2
2
